16029390048
405958540926
945197354510
931937266109
69631502064
296655201491
883971463834
908392672384
355644763612
321542042922
157115405964
638628041203
421488505984
957320080118
678586557823
4277339672
889247880731
589131451951
532312955023
583835086125
516292516382
328322841473
121996637956
397494130487
683851100357
485443703124
852318421403
915708521807
313126017485
708975876080
757549282050
130783422445
76981038356
820311660329
978075149924
509044781564
515643751023
424523446440
965564332886
239742821659
357603635805
244306982608
67456703664
744818488948
164343756234
125511032121
463916873775
50897542876
435003127173
97558413211
664250853780
64099493466
320186689179
377685039480
752458541538
570707642273
883343688623
357374698090
396550799904
829293997413
944214522812
413484911626
440909713246
369550531436
35781852917
385601986844
812592901202
248890505288
102722378961
455023199997
574922356090
720038820393
692454351900
80292389299
474186962691
660281951381
358756860885
626560897392
609002475444
504604798976
892856399944
237513866386
895552352022
548380436631
629998458842
384097770035
531220983495
231069610096
586936884833
648223388310
690487336688
20667730374
362544405442
283822279089
201044665277
957689318786
884380840176
788780853053
39797277208
872838040288
